[Bar]
btn_opa=0.4
volume=9.95529345774559
txt_rolling_speed=2.5591439171721
[Window]
Height=700
Width=1080
Background_Image=False
[Novel_±Ù­·]
TxtViewer_Position=815228.177154639
